e:[1427, 0.137224733147418]
i:[827, 0.07952687758438311]
a:[810, 0.07789210501009712]
o:[743, 0.07144917780555822]
y:[310, 0.029810558707568036]
u:[290, 0.027887296855466873]
